Código,Município,Código TI,Território de Identidade,População,QtMédicosSUS,QtMédicosNãoSUS,QtEnfermeirosSUS,QtEnfermeirosNãoSUS,QtProfissionais,Médicos,Enfermeiros,SUS,Não SUS,QtProfissionais/100000Hab,QtMédicos/100000Hab,QtEnfermeiros/100000Hab,QtSUS/100000Hab,QtNãoSUS/100000Hab
2900108,Abaíra,3,Chapada Diamantina,9199,8,0,6,0,14,8,6,14,0,152.1904554843,86.9659745625,65.2244809218,152.1904554843,0
2900207,Abaré,24,Itaparica,20189,7,0,16,0,23,7,16,23,0,113.9234236465,34.6723463272,79.2510773193,113.9234236465,0
2900306,Acajutiba,18,Litoral Norte e Agreste Baiano,15727,6,1,9,0,16,7,9,15,1,101.7358682521,44.5094423603,57.2264258918,95.3773764863,6.3584917658
2900355,Adustina,17,Semiárido Nordeste II,17349,8,0,7,0,15,8,7,15,0,86.4603147155,46.1121678483,40.3481468673,86.4603147155,0
2900405,Água Fria,19,Portal do Sertão,17508,10,0,13,0,23,10,13,23,0,131.3685172493,57.1167466301,74.2517706191,131.3685172493,0
2900504,Érico Cardoso,12,Bacia do Paramirim,11212,4,1,9,0,14,5,9,13,1,124.8662147699,44.5950767035,80.2711380664,115.9471994292,8.9190153407
2900603,Aiquara,22,Médio Rio de Contas,4725,4,0,5,0,9,4,5,9,0,190.4761904762,84.6560846561,105.8201058201,190.4761904762,0
2900702,Alagoinhas,18,Litoral Norte e Agreste Baiano,155979,129,90,112,8,339,219,120,241,98,217.3369492047,140.4035158579,76.9334333468,154.5079786382,62.8289705666
2900801,Alcobaça,7,Extremo Sul,23376,25,0,16,0,41,25,16,41,0,175.3935660507,106.9472963723,68.4462696783,175.3935660507,0
2900900,Almadina,5,Litoral Sul,5985,3,0,4,0,7,3,4,7,0,116.9590643275,50.1253132832,66.8337510443,116.9590643275,0
2901007,Amargosa,9,Vale do Jiquiriçá,38259,30,10,32,0,72,40,32,62,10,188.1910138791,104.5505632662,83.6404506129,162.0533730625,26.1376408165
2901106,Amélia Rodrigues,19,Portal do Sertão,26409,15,1,13,0,29,16,13,28,1,109.8110492635,60.5854064902,49.2256427733,106.0244613579,3.7865879056
2901155,América Dourada,1,Irecê,16798,10,0,11,0,21,10,11,21,0,125.0148827241,59.5308965353,65.4839861888,125.0148827241,0
2901205,Anagé,20,Sudoeste Baiano,19568,24,0,18,0,42,24,18,42,0,214.6361406378,122.6492232216,91.9869174162,214.6361406378,0
2901304,Andaraí,3,Chapada Diamantina,13737,8,0,8,0,16,8,8,16,0,116.4737570066,58.2368785033,58.2368785033,116.4737570066,0
2901353,Andorinha,25,Piemonte Norte do Itapicuru,15490,5,1,8,0,14,6,8,13,1,90.3808908974,38.7346675274,51.6462233699,83.9251129761,6.4557779212
2901403,Angical,11,Bacia do Rio Grande,14690,3,0,4,0,7,3,4,7,0,47.6514635807,20.4220558203,27.2294077604,47.6514635807,0
2901502,Anguera,19,Portal do Sertão,11481,8,0,13,0,21,8,13,21,0,182.9108962634,69.6803414337,113.2305548297,182.9108962634,0
2901601,Antas,17,Semiárido Nordeste II,19569,13,0,17,0,30,13,17,30,0,153.303694619,66.4316010016,86.8720936175,153.303694619,0
2901700,Antônio Cardoso,19,Portal do Sertão,12208,5,0,9,0,14,5,9,14,0,114.6788990826,40.9567496723,73.7221494102,114.6788990826,0
2901809,Antônio Gonçalves,25,Piemonte Norte do Itapicuru,12072,7,1,9,0,17,8,9,16,1,140.8217362492,66.2690523526,74.5526838966,132.5381047051,8.2836315441
2901908,Aporá,18,Litoral Norte e Agreste Baiano,18334,8,1,10,0,19,9,10,18,1,103.6325951784,49.0891240319,54.5434711465,98.1782480637,5.4543471147
2901957,Apuarema,22,Médio Rio de Contas,7730,5,0,6,0,11,5,6,11,0,142.3027166882,64.6830530401,77.6196636481,142.3027166882,0
2902005,Aracatu,20,Sudoeste Baiano,13962,13,0,13,0,26,13,13,26,0,186.2197392924,93.1098696462,93.1098696462,186.2197392924,0
2902054,Araçás,18,Litoral Norte e Agreste Baiano,12608,13,0,10,0,23,13,10,23,0,182.423857868,103.1091370558,79.3147208122,182.423857868,0
2902104,Araci,4,Sisal,55935,22,3,35,0,60,25,35,57,3,107.2673639045,44.6947349602,62.5726289443,101.9039957093,5.3633681952
2902203,Aramari,18,Litoral Norte e Agreste Baiano,11703,2,0,7,0,9,2,7,9,0,76.9033581133,17.0896351363,59.813722977,76.9033581133,0
2902252,Arataca,5,Litoral Sul,11661,3,0,10,0,13,3,10,13,0,111.4827201784,25.7267815796,85.7559385987,111.4827201784,0
2902302,Aratuípe,6,Baixo Sul,9171,2,0,4,0,6,2,4,6,0,65.4236179261,21.807872642,43.615745284,65.4236179261,0
2902401,Aurelino Leal,5,Litoral Sul,12706,6,0,11,0,17,6,11,17,0,133.7950574532,47.2217849835,86.5732724697,133.7950574532,0
2902500,Baianópolis,11,Bacia do Rio Grande,14323,7,0,13,0,20,7,13,20,0,139.6355512113,48.872442924,90.7631082874,139.6355512113,0
2902609,Baixa Grande,15,Bacia do Jacuípe,21403,11,1,11,0,23,12,11,22,1,107.4615708078,56.0669065084,51.3946642994,102.7893285988,4.672242209
2902658,Banzaê,17,Semiárido Nordeste II,13765,8,0,13,0,21,8,13,21,0,152.560842717,58.1184162732,94.4424264439,152.560842717,0
2902708,Barra,2,Velho Chico,54915,31,0,34,0,65,31,34,65,0,118.3647455158,56.4508786306,61.9138668852,118.3647455158,0
2902807,Barra da Estiva,3,Chapada Diamantina,22082,14,1,21,0,36,15,21,35,1,163.0287111675,67.9286296531,95.1000815144,158.5001358573,4.5285753102
2902906,Barra do Choça,20,Sudoeste Baiano,34121,28,1,21,0,50,29,21,49,1,146.5373230562,84.9916473726,61.5456756836,143.6065765951,2.9307464611
2903003,Barra do Mendes,1,Irecê,14560,3,0,18,0,21,3,18,21,0,144.2307692308,20.6043956044,123.6263736264,144.2307692308,0
2903102,Barra do Rocha,22,Médio Rio de Contas,6258,4,0,4,0,8,4,4,8,0,127.8363694471,63.9181847236,63.9181847236,127.8363694471,0
2903201,Barreiras,11,Bacia do Rio Grande,157638,207,43,226,5,481,250,231,433,48,305.1294738578,158.5912026288,146.538271229,274.6799629531,30.4495109047
2903235,Barro Alto,1,Irecê,15217,6,0,7,0,13,6,7,13,0,85.4307682198,39.4295853322,46.0011828876,85.4307682198,0
2903276,Barrocas,4,Sisal,16296,6,1,14,0,21,7,14,20,1,128.8659793814,42.9553264605,85.910652921,122.7295041728,6.1364752086
2903300,Barro Preto,5,Litoral Sul,6251,10,0,6,0,16,10,6,16,0,255.9590465526,159.9744040953,95.9846424572,255.9590465526,0
2903409,Belmonte,27,Costa do Descobrimento,24013,17,0,18,0,35,17,18,35,0,145.7543830425,70.7949860492,74.9593969933,145.7543830425,0
2903508,Belo Campo,20,Sudoeste Baiano,18247,14,0,20,0,34,14,20,34,0,186.3319997808,76.7249410862,109.6070586946,186.3319997808,0
2903607,Biritinga,4,Sisal,16653,3,0,7,0,10,3,7,10,0,60.0492403771,18.0147721131,42.034468264,60.0492403771,0
2903706,Boa Nova,22,Médio Rio de Contas,14069,9,0,12,0,21,9,12,21,0,149.2643400384,63.970431445,85.2939085934,149.2643400384,0
2903805,Boa Vista do Tupim,14,Piemonte do Paraguaçu,19502,8,0,10,0,18,8,10,18,0,92.298225823,41.0214336991,51.2767921239,92.298225823,0
2903904,Bom Jesus da Lapa,2,Velho Chico,70618,53,8,74,0,135,61,74,127,8,191.1693902404,86.3802429975,104.7891472429,179.8408337818,11.3285564587
2903953,Bom Jesus da Serra,20,Sudoeste Baiano,10477,9,0,7,0,16,9,7,16,0,152.7154719863,85.9024529923,66.813018994,152.7154719863,0
2904001,Boninal,3,Chapada Diamantina,14760,4,0,7,0,11,4,7,11,0,74.5257452575,27.1002710027,47.4254742547,74.5257452575,0
2904050,Bonito,3,Chapada Diamantina,17131,5,0,10,0,15,5,10,15,0,87.5605627225,29.1868542409,58.3737084817,87.5605627225,0
2904100,Boquira,12,Bacia do Paramirim,22464,9,0,9,0,18,9,9,18,0,80.1282051282,40.0641025641,40.0641025641,80.1282051282,0
2904209,Botuporã,12,Bacia do Paramirim,10898,5,0,5,1,11,5,6,10,1,100.9359515507,45.8799779776,55.0559735731,91.7599559552,9.1759955955
2904308,Brejões,9,Vale do Jiquiriçá,15122,5,0,8,0,13,5,8,13,0,85.9674646211,33.0644094696,52.9030551514,85.9674646211,0
2904407,Brejolândia,23,Bacia do Rio Corrente,10833,4,0,6,0,10,4,6,10,0,92.3105326318,36.9242130527,55.3863195791,92.3105326318,0
2904506,Brotas de Macaúbas,2,Velho Chico,10974,6,0,9,0,15,6,9,15,0,136.6867140514,54.6746856206,82.0120284308,136.6867140514,0
2904605,Brumado,13,Sertão Produtivo,69677,73,16,66,3,158,89,69,139,19,226.7606240223,127.7322502404,99.0283737819,199.4919413867,27.2686826356
2904704,Buerarema,5,Litoral Sul,19256,6,0,12,0,18,6,12,18,0,93.4773577067,31.1591192356,62.3182384711,93.4773577067,0
2904753,Buritirama,11,Bacia do Rio Grande,21786,5,0,8,0,13,5,8,13,0,59.6713485725,22.9505186817,36.7208298908,59.6713485725,0
2904803,Caatiba,8,Médio Sudoeste da Bahia,7841,6,0,6,0,12,6,6,12,0,153.0417038643,76.5208519322,76.5208519322,153.0417038643,0
2904852,Cabaceiras do Paraguaçu,21,Recôncavo,19312,4,0,12,0,16,4,12,16,0,82.850041425,20.7125103563,62.1375310688,82.850041425,0
2904902,Cachoeira,21,Recôncavo,35139,31,6,32,0,69,37,32,63,6,196.3630154529,105.2961097356,91.0669057173,179.2879706309,17.075044822
2905008,Caculé,13,Sertão Produtivo,23817,12,9,18,1,40,21,19,30,10,167.9472645589,88.1723138934,79.7749506655,125.9604484192,41.9868161397
2905107,Caém,16,Piemonte da Diamantina,10058,9,0,5,0,14,9,5,14,0,139.1926824418,89.4810101412,49.7116723007,139.1926824418,0
2905156,Caetanos,20,Sudoeste Baiano,16106,6,0,9,1,16,6,10,15,1,99.3418601763,37.2531975661,62.0886626102,93.1329939153,6.208866261
2905206,Caetité,13,Sertão Produtivo,52853,50,10,33,0,93,60,33,83,10,175.9597373848,113.522411216,62.4373261688,157.0393355155,18.9204018693
2905305,Cafarnaum,1,Irecê,19006,9,0,14,0,23,9,14,23,0,121.0144165001,47.3534673261,73.6609491739,121.0144165001,0
2905404,Cairu,6,Baixo Sul,18224,4,0,8,0,12,4,8,12,0,65.8472344162,21.9490781387,43.8981562774,65.8472344162,0
2905503,Caldeirão Grande,25,Piemonte Norte do Itapicuru,13713,6,0,9,0,15,6,9,15,0,109.3852548676,43.7541019471,65.6311529206,109.3852548676,0
2905602,Camacan,5,Litoral Sul,33310,28,0,23,0,51,28,23,51,0,153.1071750225,84.0588411888,69.0483338337,153.1071750225,0
2905701,Camaçari,26,Metropolitano de Salvador,296893,352,104,232,6,694,456,238,584,110,233.7542481635,153.5906875541,80.1635606094,196.7038630079,37.0503851556
2905800,Camamu,6,Baixo Sul,36644,11,6,14,1,32,17,15,25,7,87.3267110577,46.3923152494,40.9343958083,68.2239930139,19.1027180439
2905909,Campo Alegre de Lourdes,10,Sertão do São Francisco,30048,9,0,14,0,23,9,14,23,0,76.5441959531,29.9520766773,46.5921192758,76.5441959531,0
2906006,Campo Formoso,25,Piemonte Norte do Itapicuru,73448,40,3,12,0,55,43,12,52,3,74.8829103583,58.5448208256,16.3380895327,70.7983879752,4.0845223832
2906105,Canápolis,23,Bacia do Rio Corrente,10151,6,0,8,0,14,6,8,14,0,137.917446557,59.1074770959,78.8099694611,137.917446557,0
2906204,Canarana,1,Irecê,26862,12,0,20,0,32,12,20,32,0,119.1273918547,44.6727719455,74.4546199092,119.1273918547,0
2906303,Canavieiras,5,Litoral Sul,33002,19,6,14,2,41,25,16,33,8,124.2348948549,75.7529846676,48.4819101873,99.9939397612,24.2409550936
2906402,Candeal,4,Sisal,8837,6,0,7,0,13,6,7,13,0,147.1087473124,67.8963449134,79.212402399,147.1087473124,0
2906501,Candeias,26,Metropolitano de Salvador,89707,39,53,59,19,170,92,78,98,72,189.505835665,102.5560993011,86.9497363639,109.2445405598,80.2612951052
2906600,Candiba,13,Sertão Produtivo,14792,4,0,4,0,8,4,4,8,0,54.0832882639,27.041644132,27.041644132,54.0832882639,0
2906709,Cândido Sales,20,Sudoeste Baiano,26674,7,0,15,0,22,7,15,22,0,82.4773187373,26.2427832346,56.2345355027,82.4773187373,0
2906808,Cansanção,4,Sisal,36191,18,1,18,0,37,19,18,36,1,102.2353623829,52.4992401426,49.7361222403,99.4722444807,2.7631179022
2906824,Canudos,10,Sertão do São Francisco,17316,7,0,10,0,17,7,10,17,0,98.1750981751,40.425040425,57.7500577501,98.1750981751,0
2906857,Capela do Alto Alegre,15,Bacia do Jacuípe,12199,3,0,11,0,14,3,11,14,0,114.7635052053,24.5921796869,90.1713255185,114.7635052053,0
2906873,Capim Grosso,15,Bacia do Jacuípe,31392,16,1,27,0,44,17,27,43,1,140.1630988787,54.1539245668,86.0091743119,136.9775739042,3.1855249745
2906899,Caraíbas,20,Sudoeste Baiano,9773,4,0,9,0,13,4,9,13,0,133.0195436406,40.929090351,92.0904532897,133.0195436406,0
2906907,Caravelas,7,Extremo Sul,22740,12,0,15,0,27,12,15,27,0,118.7335092348,52.7704485488,65.963060686,118.7335092348,0
2907004,Cardeal da Silva,18,Litoral Norte e Agreste Baiano,9544,8,0,6,0,14,8,6,14,0,146.6890192791,83.8222967309,62.8667225482,146.6890192791,0
2907103,Carinhanha,2,Velho Chico,30118,7,1,17,0,25,8,17,24,1,83.0068397636,26.5621887244,56.4446510392,79.6865661731,3.3202735905
2907202,Casa Nova,10,Sertão do São Francisco,73382,35,1,15,0,51,36,15,50,1,69.4993322613,49.0583521845,20.4409800769,68.1366002562,1.3627320051
2907301,Castro Alves,21,Recôncavo,27238,19,2,32,1,54,21,33,51,3,198.2524414421,77.0981716719,121.1542697702,187.2384169175,11.0140245246
2907400,Catolândia,11,Bacia do Rio Grande,3669,2,0,3,0,5,2,3,5,0,136.2769146907,54.5107658763,81.7661488144,136.2769146907,0
2907509,Catu,18,Litoral Norte e Agreste Baiano,56459,24,18,35,11,88,42,46,59,29,155.8653181955,74.3902655024,81.4750526931,104.5006110629,51.3647071326
2907558,Caturama,12,Bacia do Paramirim,9764,4,0,5,0,9,4,5,9,0,92.1753379762,40.9668168783,51.2085210979,92.1753379762,0
2907608,Central,1,Irecê,17969,13,0,18,0,31,13,18,31,0,172.5193388614,72.3468195225,100.1725193389,172.5193388614,0
2907707,Chorrochó,24,Itaparica,11591,6,0,13,0,19,6,13,19,0,163.9202829782,51.7642998878,112.1559830903,163.9202829782,0
2907806,Cícero Dantas,17,Semiárido Nordeste II,34676,23,2,22,1,48,25,23,45,3,138.4242703887,72.0959741608,66.3282962279,129.7727534894,8.6515168993
2907905,Cipó,17,Semiárido Nordeste II,17739,8,0,12,0,20,8,12,20,0,112.7459270534,45.0983708214,67.647556232,112.7459270534,0
2908002,Coaraci,5,Litoral Sul,19022,20,1,22,0,43,21,22,42,1,226.0540426874,110.3984859636,115.6555567238,220.7969719272,5.2570707602
2908101,Cocos,23,Bacia do Rio Corrente,19498,10,0,15,0,25,10,15,25,0,128.2182787978,51.2873115191,76.9309672787,128.2182787978,0
2908200,Conceição da Feira,19,Portal do Sertão,23024,8,1,12,1,22,9,13,20,2,95.552466991,39.0896455872,56.4628214038,86.8658790827,8.6865879083
2908309,Conceição do Almeida,21,Recôncavo,18229,11,0,17,0,28,11,17,28,0,153.6014043557,60.343408854,93.2579955017,153.6014043557,0
2908408,Conceição do Coité,4,Sisal,68303,32,18,35,3,88,50,38,67,21,128.8376791649,73.2032267982,55.6344523667,98.0923239096,30.7453552553
2908507,Conceição do Jacuípe,19,Portal do Sertão,33876,32,4,22,0,58,36,22,54,4,171.2126579289,106.2699256111,64.9427323179,159.4048884166,11.8077695123
2908606,Conde,18,Litoral Norte e Agreste Baiano,26371,15,0,17,0,32,15,17,32,0,121.3454173145,56.8806643662,64.4647529483,121.3454173145,0
2908705,Condeúba,20,Sudoeste Baiano,18191,20,5,24,1,50,25,25,44,6,274.8611950965,137.4305975482,137.4305975482,241.8778516849,32.9833434116
2908804,Contendas do Sincorá,13,Sertão Produtivo,4299,3,0,3,0,6,3,3,6,0,139.5673412422,69.7836706211,69.7836706211,139.5673412422,0
2908903,Coração de Maria,19,Portal do Sertão,23896,12,0,14,0,26,12,14,26,0,108.8048208905,50.2176096418,58.5872112487,108.8048208905,0
2909000,Cordeiros,20,Sudoeste Baiano,8904,7,0,9,0,16,7,9,16,0,179.6945193172,78.6163522013,101.0781671159,179.6945193172,0
2909109,Coribe,23,Bacia do Rio Corrente,14933,6,0,11,0,17,6,11,17,0,113.8418268265,40.1794682917,73.6623585348,113.8418268265,0
2909208,Coronel João Sá,17,Semiárido Nordeste II,16814,6,0,10,0,16,6,10,16,0,95.1587962412,35.6845485905,59.4742476508,95.1587962412,0
2909307,Correntina,23,Bacia do Rio Corrente,33361,16,1,18,1,36,17,19,34,2,107.9104343395,50.9577051048,56.9527292347,101.9154102095,5.99502413
2909406,Cotegipe,11,Bacia do Rio Grande,14414,4,0,8,0,12,4,8,12,0,83.2523935063,27.7507978354,55.5015956709,83.2523935063,0
2909505,Cravolândia,9,Vale do Jiquiriçá,5576,3,0,5,0,8,3,5,8,0,143.4720229555,53.8020086083,89.6700143472,143.4720229555,0
2909604,Crisópolis,18,Litoral Norte e Agreste Baiano,21835,10,0,18,0,28,10,18,28,0,128.2344859171,45.7980306847,82.4364552324,128.2344859171,0
2909703,Cristópolis,11,Bacia do Rio Grande,14403,5,0,11,0,16,5,11,16,0,111.0879677845,34.7149899327,76.3729778518,111.0879677845,0
2909802,Cruz das Almas,21,Recôncavo,64932,39,32,55,4,130,71,59,94,36,200.209449886,109.3451610916,90.8642887944,144.7668329945,55.4426168915
2909901,Curaçá,10,Sertão do São Francisco,35524,17,0,19,0,36,17,19,36,0,101.339939196,47.854971287,53.484967909,101.339939196,0
2910008,Dário Meira,22,Médio Rio de Contas,11716,3,0,10,0,13,3,10,13,0,110.9593717992,25.6060088767,85.3533629225,110.9593717992,0
2910057,Dias D'Ávila,26,Metropolitano de Salvador,80657,40,21,24,2,87,61,26,64,23,107.8641655405,75.6288976778,32.2352678627,79.348351662,28.5158138785
2910107,Dom Basílio,13,Sertão Produtivo,12604,6,0,16,0,22,6,16,22,0,174.547762615,47.6039352586,126.9438273564,174.547762615,0
2910206,Dom Macedo Costa,21,Recôncavo,4212,5,0,4,0,9,5,4,9,0,213.6752136752,118.7084520418,94.9667616334,213.6752136752,0
2910305,Elísio Medrado,9,Vale do Jiquiriçá,8461,1,0,4,0,5,1,4,5,0,59.0946696608,11.8189339322,47.2757357286,59.0946696608,0
2910404,Encruzilhada,20,Sudoeste Baiano,19376,8,0,15,0,23,8,15,23,0,118.7035507845,41.2881915772,77.4153592073,118.7035507845,0
2910503,Entre Rios,18,Litoral Norte e Agreste Baiano,43223,19,4,28,2,53,23,30,47,6,122.6199014414,53.2124100595,69.4074913819,108.738403165,13.8814982764
2910602,Esplanada,18,Litoral Norte e Agreste Baiano,37845,13,2,23,0,38,15,23,36,2,100.4095653323,39.6353547364,60.7742105959,95.1248513674,5.2847139649
2910701,Euclides da Cunha,17,Semiárido Nordeste II,61924,36,1,42,0,79,37,42,78,1,127.5757380014,59.7506621019,67.8250758995,125.9608552419,1.6148827595
2910727,Eunápolis,27,Costa do Descobrimento,115290,111,33,112,6,262,144,118,223,39,227.2530141383,124.9024199844,102.3505941539,193.4252753925,33.8277387458
2910750,Fátima,17,Semiárido Nordeste II,18443,2,0,14,0,16,2,14,16,0,86.7537819227,10.8442227403,75.9095591823,86.7537819227,0
2910776,Feira da Mata,2,Velho Chico,5922,3,0,5,0,8,3,5,8,0,135.0894967916,50.6585612969,84.4309354948,135.0894967916,0
2910800,Feira de Santana,19,Portal do Sertão,627477,764,112,712,19,1607,876,731,1476,131,256.1050046456,139.6067106842,116.4982939614,235.2277453994,20.8772592462
2910859,Filadélfia,25,Piemonte Norte do Itapicuru,17176,6,0,13,0,19,6,13,19,0,110.6194690265,34.9324639031,75.6870051234,110.6194690265,0
2910909,Firmino Alves,8,Médio Sudoeste da Bahia,5822,1,0,4,0,5,1,4,5,0,85.8811405015,17.1762281003,68.7049124012,85.8811405015,0
2911006,Floresta Azul,5,Litoral Sul,11244,4,0,9,0,13,4,9,13,0,115.6172180719,35.5745286375,80.0426894344,115.6172180719,0
2911105,Formosa do Rio Preto,11,Bacia do Rio Grande,25912,9,0,18,0,27,9,18,27,0,104.1988267984,34.7329422661,69.4658845323,104.1988267984,0
2911204,Gandu,6,Baixo Sul,33234,13,10,26,3,52,23,29,39,13,156.4662694831,69.206234579,87.260034904,117.3497021123,39.1165673708
2911253,Gavião,15,Bacia do Jacuípe,4725,3,0,2,0,5,3,2,5,0,105.8201058201,63.4920634921,42.328042328,105.8201058201,0
2911303,Gentio do Ouro,1,Irecê,11639,5,0,8,0,13,5,8,13,0,111.693444454,42.9590170977,68.7344273563,111.693444454,0
2911402,Glória,24,Itaparica,15840,9,0,7,0,16,9,7,16,0,101.0101010101,56.8181818182,44.1919191919,101.0101010101,0
2911501,Gongogi,22,Médio Rio de Contas,7848,10,0,11,0,21,10,11,21,0,267.5840978593,127.4209989806,140.1630988787,267.5840978593,0
2911600,Governador Mangabeira,21,Recôncavo,21495,11,1,14,1,27,12,15,25,2,125.6106071179,55.8269364969,69.7836706211,116.3061177018,9.3044894161
2911659,Guajeru,20,Sudoeste Baiano,8081,5,0,7,0,12,5,7,12,0,148.4964732088,61.8735305037,86.6229427051,148.4964732088,0
2911709,Guanambi,13,Sertão Produtivo,86808,108,20,122,4,254,128,126,230,24,292.5997603907,147.451847756,145.1479126348,264.9525389365,27.6472214542
2911808,Guaratinga,27,Costa do Descobrimento,22154,19,0,14,0,33,19,14,33,0,148.9572989076,85.7632933105,63.1940055972,148.9572989076,0
2911857,Heliópolis,17,Semiárido Nordeste II,13718,2,0,7,0,9,2,7,9,0,65.6072313748,14.57938475,51.0278466249,65.6072313748,0
2911907,Iaçu,14,Piemonte do Paraguaçu,25884,12,1,20,0,33,13,20,32,1,127.4918868799,50.2240766497,77.2678102303,123.6284963684,3.8633905115
2912004,Ibiassucê,13,Sertão Produtivo,10183,4,0,8,2,14,4,10,12,2,137.4840420308,39.281154866,98.2028871649,117.8434645979,19.640577433
2912103,Ibicaraí,5,Litoral Sul,23529,10,0,26,0,36,10,26,36,0,153.0026775469,42.500743763,110.5019337838,153.0026775469,0
2912202,Ibicoara,3,Chapada Diamantina,19786,8,1,12,0,21,9,12,20,1,106.1356514707,45.4867077732,60.6489436976,101.0815728293,5.0540786415
2912301,Ibicuí,8,Médio Sudoeste da Bahia,16796,5,3,11,0,19,8,11,16,3,113.1221719457,47.6303881877,65.491783758,95.2607763753,17.8613955704
2912400,Ibipeba,1,Irecê,18678,6,0,14,0,20,6,14,20,0,107.0778455937,32.1233536781,74.9544919156,107.0778455937,0
2912509,Ibipitanga,12,Bacia do Paramirim,15413,4,0,6,0,10,4,6,10,0,64.8802958541,25.9521183417,38.9281775125,64.8802958541,0
2912608,Ibiquera,14,Piemonte do Paraguaçu,4214,1,0,3,0,4,1,3,4,0,94.9216896061,23.7304224015,71.1912672046,94.9216896061,0
2912707,Ibirapitanga,6,Baixo Sul,24293,7,0,12,0,19,7,12,19,0,78.2118305685,28.8148849463,49.3969456222,78.2118305685,0
2912806,Ibirapoã,7,Extremo Sul,8852,5,0,6,0,11,5,6,11,0,124.2657026661,56.4844103028,67.7812923633,124.2657026661,0
2912905,Ibirataia,22,Médio Rio de Contas,17221,13,0,16,0,29,13,16,29,0,168.3990476744,75.4892282678,92.9098194065,168.3990476744,0
2913002,Ibitiara,3,Chapada Diamantina,16855,9,0,6,0,15,9,6,15,0,88.9943636903,53.3966182142,35.5977454761,88.9943636903,0
2913101,Ibititá,1,Irecê,17948,4,0,11,0,15,4,11,15,0,83.5747715623,22.2866057499,61.2881658123,83.5747715623,0
2913200,Ibotirama,2,Velho Chico,27862,17,2,32,0,51,19,32,49,2,183.0450075371,68.1932381021,114.8517694351,175.8667719475,7.1782355897
2913309,Ichu,4,Sisal,6437,9,0,5,0,14,9,5,14,0,217.4926207861,139.8166847911,77.675935995,217.4926207861,0
2913408,Igaporã,2,Velho Chico,16283,6,0,7,0,13,6,7,13,0,79.8378677148,36.8482466376,42.9896210772,79.8378677148,0
2913457,Igrapiúna,6,Baixo Sul,14187,6,0,12,0,18,6,12,18,0,126.8767181222,42.2922393741,84.5844787481,126.8767181222,0
2913507,Iguaí,8,Médio Sudoeste da Bahia,27939,12,0,11,0,23,12,11,23,0,82.3222019399,42.9507140556,39.3714878843,82.3222019399,0
2913606,Ilhéus,5,Litoral Sul,176341,186,42,192,11,431,228,203,378,53,244.4128138096,129.2949455884,115.1178682212,214.3574097913,30.0554040184
2913705,Inhambupe,18,Litoral Norte e Agreste Baiano,40453,16,0,17,0,33,16,17,33,0,81.5761501001,39.5520727758,42.0240773243,81.5761501001,0
2913804,Ipecaetá,19,Portal do Sertão,15499,5,0,9,0,14,5,9,14,0,90.3284082844,32.2601458159,58.0682624685,90.3284082844,0
2913903,Ipiaú,22,Médio Rio de Contas,47704,29,6,39,1,75,35,40,68,7,157.2195203757,73.3691095086,83.850410867,142.5456984739,14.6738219017
2914000,Ipirá,15,Bacia do Jacuípe,62631,32,6,25,0,63,38,25,57,6,100.5891651099,60.6728297488,39.9163353611,91.0092446233,9.5799204867
2914109,Ipupiara,1,Irecê,10157,4,0,9,0,13,4,9,13,0,127.9905483903,39.381707197,88.6088411933,127.9905483903,0
2914208,Irajuba,9,Vale do Jiquiriçá,7521,2,0,5,0,7,2,5,7,0,93.0727296902,26.5922084829,66.4805212073,93.0727296902,0
2914307,Iramaia,3,Chapada Diamantina,9901,6,0,8,0,14,6,8,14,0,141.3998586001,60.5999394001,80.7999192001,141.3998586001,0
2914406,Iraquara,3,Chapada Diamantina,25536,7,0,5,0,12,7,5,12,0,46.992481203,27.4122807018,19.5802005013,46.992481203,0
2914505,Irará,19,Portal do Sertão,29879,10,3,14,0,27,13,14,24,3,90.3644700291,43.5088189029,46.8556511262,80.3239733592,10.0404966699
2914604,Irecê,1,Irecê,74483,131,7,94,1,233,138,95,225,8,312.8230602956,185.2771773425,127.5458829532,302.0823543627,10.7407059329
2914653,Itabela,27,Costa do Descobrimento,31422,16,2,30,0,48,18,30,46,2,152.7592132901,57.2847049838,95.4745083063,146.3942460696,6.3649672204
2914703,Itaberaba,14,Piemonte do Paraguaçu,66806,36,12,34,3,85,48,37,70,15,127.2340807712,71.8498338473,55.3842469239,104.7810076939,22.4530730773
2914802,Itabuna,5,Litoral Sul,221046,349,39,312,19,719,388,331,661,58,325.2716629118,175.5290753961,149.7425875157,299.0327805072,26.2388824046
2914901,Itacaré,5,Litoral Sul,28382,10,1,20,0,31,11,20,30,1,109.2241561553,38.7569586358,70.4671975196,105.7007962793,3.523359876
2915007,Itaetê,3,Chapada Diamantina,16586,9,0,9,0,18,9,9,18,0,108.5252622694,54.2626311347,54.2626311347,108.5252622694,0
2915106,Itagi,22,Médio Rio de Contas,13199,5,0,8,0,13,5,8,13,0,98.4923100235,37.8816577013,60.6106523221,98.4923100235,0
2915205,Itagibá,22,Médio Rio de Contas,15577,5,0,10,0,15,5,10,15,0,96.2958207614,32.0986069205,64.1972138409,96.2958207614,0
2915304,Itagimirim,27,Costa do Descobrimento,7291,4,0,5,0,9,4,5,9,0,123.4398573584,54.8621588259,68.5776985324,123.4398573584,0
2915353,Itaguaçu da Bahia,1,Irecê,14718,8,0,7,0,15,8,7,15,0,101.9160211985,54.3552113059,47.5608098926,101.9160211985,0
2915403,Itaju do Colônia,5,Litoral Sul,7218,3,0,5,0,8,3,5,8,0,110.834026046,41.5627597672,69.2712662787,110.834026046,0
2915502,Itajuípe,5,Litoral Sul,21642,7,0,12,0,19,7,12,19,0,87.7922557989,32.3445152943,55.4477405046,87.7922557989,0
2915601,Itamaraju,7,Extremo Sul,67356,40,8,70,1,119,48,71,110,9,176.6731991211,71.2631391413,105.4100599798,163.3113605321,13.361838589
2915700,Itamari,22,Médio Rio de Contas,8476,2,0,9,0,11,2,9,11,0,129.7781972629,23.596035866,106.1821613969,129.7781972629,0
2915809,Itambé,8,Médio Sudoeste da Bahia,24901,11,0,17,0,28,11,17,28,0,112.445283322,44.1749327336,68.2703505883,112.445283322,0
2915908,Itanagra,18,Litoral Norte e Agreste Baiano,6730,3,0,7,0,10,3,7,10,0,148.588410104,44.5765230312,104.0118870728,148.588410104,0
2916005,Itanhém,7,Extremo Sul,20501,10,2,23,0,35,12,23,33,2,170.7233793473,58.5337300619,112.1896492854,160.9677576704,9.755621677
2916104,Itaparica,26,Metropolitano de Salvador,22866,15,1,21,0,37,16,21,36,1,161.8122977346,69.9728855069,91.8394122278,157.4389923904,4.3733053442
2916203,Itapé,5,Litoral Sul,9830,5,0,10,0,15,5,10,15,0,152.5940996948,50.8646998983,101.7293997965,152.5940996948,0
2916302,Itapebi,27,Costa do Descobrimento,10830,7,0,10,0,17,7,10,17,0,156.9713758079,64.6352723915,92.3361034164,156.9713758079,0
2916401,Itapetinga,8,Médio Sudoeste da Bahia,77533,39,27,55,1,122,66,56,94,28,157.3523531915,85.1250435299,72.2273096617,121.2386983607,36.1136548308
2916500,Itapicuru,18,Litoral Norte e Agreste Baiano,36211,19,0,18,0,37,19,18,37,0,102.1788959156,52.4702438486,49.7086520671,102.1788959156,0
2916609,Itapitanga,5,Litoral Sul,10799,2,0,7,0,9,2,7,9,0,83.3410500972,18.5202333549,64.8208167423,83.3410500972,0
2916708,Itaquara,9,Vale do Jiquiriçá,8592,8,0,6,0,14,8,6,14,0,162.9422718808,93.1098696462,69.8324022346,162.9422718808,0
2916807,Itarantim,8,Médio Sudoeste da Bahia,20314,6,1,15,0,22,7,15,21,1,108.2996947918,34.4589937974,73.8407009944,103.3769813921,4.9227133996
2916856,Itatim,14,Piemonte do Paraguaçu,14957,10,0,14,0,24,10,14,24,0,160.4599852912,66.8583272047,93.6016580865,160.4599852912,0
2916906,Itiruçu,9,Vale do Jiquiriçá,13254,7,0,8,0,15,7,8,15,0,113.1733816206,52.8142447563,60.3591368643,113.1733816206,0
2917003,Itiúba,4,Sisal,37567,15,1,7,0,23,16,7,22,1,61.2239465488,42.5905715122,18.6333750366,58.5620358293,2.6619107195
2917102,Itororó,8,Médio Sudoeste da Bahia,21241,5,2,13,0,20,7,13,18,2,94.1575255402,32.9551339391,61.2023916011,84.7417729862,9.415752554
2917201,Ituaçu,13,Sertão Produtivo,19577,8,0,13,0,21,8,13,21,0,107.2687337181,40.8642795117,66.4044542065,107.2687337181,0
2917300,Ituberá,6,Baixo Sul,29428,12,0,13,0,25,12,13,25,0,84.9531058856,40.7774908251,44.1756150605,84.9531058856,0
2917334,Iuiu,13,Sertão Produtivo,11399,4,0,8,0,12,4,8,12,0,105.2723923151,35.0907974384,70.1815948767,105.2723923151,0
2917359,Jaborandi,23,Bacia do Rio Corrente,9056,6,0,15,0,21,6,15,21,0,231.890459364,66.2544169611,165.6360424028,231.890459364,0
2917409,Jacaraci,20,Sudoeste Baiano,15459,3,0,15,0,18,3,15,18,0,116.4370269746,19.4061711624,97.0308558121,116.4370269746,0
2917508,Jacobina,16,Piemonte da Diamantina,83635,41,35,62,6,144,76,68,103,41,172.1767202726,90.8710468105,81.3056734621,123.1541818617,49.022538411
2917607,Jaguaquara,9,Vale do Jiquiriçá,56033,15,8,37,1,61,23,38,52,9,108.8644191816,41.0472400193,67.8171791623,92.8024556958,16.0619634858
2917706,Jaguarari,25,Piemonte Norte do Itapicuru,34499,11,1,8,3,23,12,11,19,4,66.6685990898,34.7836169164,31.8849821734,55.0740601177,11.5945389721
2917805,Jaguaripe,6,Baixo Sul,19036,4,0,7,0,11,4,7,11,0,57.7852490019,21.0128178189,36.772431183,57.7852490019,0
2917904,Jandaíra,18,Litoral Norte e Agreste Baiano,11120,4,0,3,0,7,4,3,7,0,62.9496402878,35.9712230216,26.9784172662,62.9496402878,0
2918001,Jequié,22,Médio Rio de Contas,162209,115,48,222,7,392,163,229,337,55,241.6635328496,100.4876424859,141.1758903637,207.7566596181,33.9068732314
2918100,Jeremoabo,17,Semiárido Nordeste II,41605,23,1,32,1,57,24,33,55,2,137.0027640909,57.685374354,79.3173897368,132.1956495614,4.8071145295
2918209,Jiquiriçá,9,Vale do Jiquiriçá,15106,7,0,8,0,15,7,8,15,0,99.2982920694,46.3392029657,52.9590891037,99.2982920694,0
2918308,Jitaúna,22,Médio Rio de Contas,12692,2,0,15,0,17,2,15,17,0,133.9426410337,15.7579577687,118.184683265,133.9426410337,0
2918357,João Dourado,1,Irecê,25646,4,0,8,0,12,4,8,12,0,46.790922561,15.596974187,31.193948374,46.790922561,0
2918407,Juazeiro,10,Sertão do São Francisco,221773,338,28,249,0,615,366,249,587,28,277.3105833442,165.0336154536,112.2769678906,264.6850608505,12.6255224937
2918456,Jucuruçu,7,Extremo Sul,9924,6,0,11,0,17,6,11,17,0,171.3018943974,60.4594921403,110.8424022572,171.3018943974,0
2918506,Jussara,1,Irecê,16006,6,0,9,0,15,6,9,15,0,93.7148569287,37.4859427715,56.2289141572,93.7148569287,0
2918555,Jussari,5,Litoral Sul,6275,1,0,8,0,9,1,8,9,0,143.4262948207,15.9362549801,127.4900398406,143.4262948207,0
2918605,Jussiape,3,Chapada Diamantina,7066,6,0,8,0,14,6,8,14,0,198.1318992358,84.913671101,113.2182281347,198.1318992358,0
2918704,Lafayette Coutinho,9,Vale do Jiquiriçá,3975,2,0,7,0,9,2,7,9,0,226.4150943396,50.3144654088,176.1006289308,226.4150943396,0
2918753,Lagoa Real,13,Sertão Produtivo,16029,5,0,6,0,11,5,6,11,0,68.6256160709,31.1934618504,37.4321542205,68.6256160709,0
2918803,Laje,9,Vale do Jiquiriçá,24306,9,1,15,0,25,10,15,24,1,102.8552620752,41.1421048301,61.7131572451,98.7410515922,4.114210483
2918902,Lajedão,7,Extremo Sul,4068,3,0,10,0,13,3,10,13,0,319.5673549656,73.7463126844,245.8210422812,319.5673549656,0
2919009,Lajedinho,14,Piemonte do Paraguaçu,4017,0,0,0,0,0,0,0,0,0,0,0,0,0,0
2919058,Lajedo do Tabocal,9,Vale do Jiquiriçá,8886,3,0,7,0,10,3,7,10,0,112.5365743867,33.760972316,78.7756020707,112.5365743867,0
2919108,Lamarão,4,Sisal,9007,3,0,6,0,9,3,6,9,0,99.922282669,33.3074275563,66.6148551127,99.922282669,0
2919157,Lapão,1,Irecê,28244,8,0,20,0,28,8,20,28,0,99.1360997026,28.324599915,70.8114997876,99.1360997026,0
2919207,Lauro de Freitas,26,Metropolitano de Salvador,197636,244,219,128,12,603,463,140,372,231,305.1063571414,234.2690602927,70.8372968488,188.224817341,116.8815398004
2919306,Lençóis,3,Chapada Diamantina,11636,3,0,8,0,11,3,8,11,0,94.5342041939,25.7820556892,68.7521485046,94.5342041939,0
2919405,Licínio de Almeida,20,Sudoeste Baiano,12969,3,0,10,0,13,3,10,13,0,100.2390315367,23.1320842008,77.106947336,100.2390315367,0
2919504,Livramento de Nossa Senhora,13,Sertão Produtivo,46739,22,7,27,5,61,29,32,49,12,130.5119921265,62.0466847814,68.465307345,104.8375018721,25.6744902544
2919553,Luís Eduardo Magalhães,11,Bacia do Rio Grande,83557,42,13,40,1,96,55,41,82,14,114.8916308628,65.8233301818,49.068300681,98.1366013619,16.7550295008
2919603,Macajuba,14,Piemonte do Paraguaçu,11879,4,0,6,0,10,4,6,10,0,84.1821702163,33.6728680865,50.5093021298,84.1821702163,0
2919702,Macarani,8,Médio Sudoeste da Bahia,19110,3,0,15,0,18,3,15,18,0,94.191522763,15.6985871272,78.4929356358,94.191522763,0
2919801,Macaúbas,12,Bacia do Paramirim,50987,25,2,33,0,60,27,33,58,2,117.6770549356,52.954674721,64.7223802146,113.7544864377,3.9225684979
2919900,Macururé,24,Itaparica,8266,5,0,5,0,10,5,5,10,0,120.9774981853,60.4887490927,60.4887490927,120.9774981853,0
2919926,Madre de Deus,26,Metropolitano de Salvador,21007,46,0,29,1,76,46,30,75,1,361.7841671824,218.9746275051,142.8095396773,357.0238491931,4.7603179892
2919959,Maetinga,20,Sudoeste Baiano,4456,8,1,10,0,19,9,10,18,1,426.3913824057,201.9748653501,224.4165170557,403.9497307002,22.4416517056
2920007,Maiquinique,8,Médio Sudoeste da Bahia,10274,4,0,7,0,11,4,7,11,0,107.0663811563,38.9332295114,68.1331516449,107.0663811563,0
2920106,Mairi,15,Bacia do Jacuípe,19695,9,1,23,0,33,10,23,32,1,167.5552170602,50.7743082001,116.7809088601,162.4777862402,5.07743082
2920205,Malhada,2,Velho Chico,17526,5,0,7,0,12,5,7,12,0,68.4697021568,28.5290425653,39.9406595915,68.4697021568,0
2920304,Malhada de Pedras,13,Sertão Produtivo,8856,1,0,4,0,5,1,4,5,0,56.4588979223,11.2917795845,45.1671183379,56.4588979223,0
2920403,Manoel Vitorino,22,Médio Rio de Contas,14251,2,0,16,0,18,2,16,18,0,126.3069258298,14.03410287,112.2728229598,126.3069258298,0
2920452,Mansidão,11,Bacia do Rio Grande,13959,4,0,1,0,5,4,1,5,0,35.8191847554,28.6553478043,7.1638369511,35.8191847554,0
2920502,Maracás,9,Vale do Jiquiriçá,23018,8,0,13,0,21,8,13,21,0,91.2329481276,34.7554088105,56.4775393171,91.2329481276,0
2920601,Maragogipe,21,Recôncavo,46260,14,1,21,0,36,15,21,35,1,77.8210116732,32.4254215305,45.3955901427,75.6593169045,2.1616947687
2920700,Maraú,5,Litoral Sul,21313,9,0,12,0,21,9,12,21,0,98.5314127528,42.2277483226,56.3036644302,98.5314127528,0
2920809,Marcionílio Souza,3,Chapada Diamantina,10931,1,0,7,0,8,1,7,8,0,73.1863507456,9.1482938432,64.0380569024,73.1863507456,0
2920908,Mascote,5,Litoral Sul,14728,5,0,7,0,12,5,7,12,0,81.4774579033,33.948940793,47.5285171103,81.4774579033,0
2921005,Mata de São João,26,Metropolitano de Salvador,46998,40,6,29,1,76,46,30,69,7,161.709008894,97.8765053832,63.8325035108,146.8147580748,14.8942508192
2921054,Matina,2,Velho Chico,12488,3,0,6,0,9,3,6,9,0,72.069186419,24.0230621397,48.0461242793,72.069186419,0
2921104,Medeiros Neto,7,Extremo Sul,23586,16,0,21,0,37,16,21,37,0,156.8727211057,67.8368523701,89.0358687357,156.8727211057,0
2921203,Miguel Calmon,16,Piemonte da Diamantina,27520,11,0,19,0,30,11,19,30,0,109.011627907,39.9709302326,69.0406976744,109.011627907,0
2921302,Milagres,9,Vale do Jiquiriçá,11585,4,0,6,0,10,4,6,10,0,86.3185153215,34.5274061286,51.7911091929,86.3185153215,0
2921401,Mirangaba,16,Piemonte da Diamantina,18729,4,0,8,0,12,4,8,12,0,64.0717603716,21.3572534572,42.7145069144,64.0717603716,0
2921450,Mirante,20,Sudoeste Baiano,9578,4,0,6,0,10,4,6,10,0,104.4059302568,41.7623721027,62.6435581541,104.4059302568,0
2921500,Monte Santo,4,Sisal,51953,13,0,17,0,30,13,17,30,0,57.7444998364,25.0226165958,32.7218832406,57.7444998364,0
2921609,Morpará,2,Velho Chico,8950,4,0,8,0,12,4,8,12,0,134.0782122905,44.6927374302,89.3854748603,134.0782122905,0
2921708,Morro do Chapéu,3,Chapada Diamantina,36856,18,0,34,0,52,18,34,52,0,141.0896461906,48.8387236814,92.2509225092,141.0896461906,0
2921807,Mortugaba,20,Sudoeste Baiano,12529,7,0,12,0,19,7,12,19,0,151.6481762311,55.8703807167,95.7777955144,151.6481762311,0
2921906,Mucugê,3,Chapada Diamantina,9957,2,0,12,0,14,2,12,14,0,140.6045997791,20.086371397,120.518228382,140.6045997791,0
2922003,Mucuri,7,Extremo Sul,42072,27,9,17,0,53,36,17,44,9,125.9745198707,85.5675984027,40.406921468,104.58262027,21.3918996007
2922052,Mulungu do Morro,1,Irecê,11988,3,0,9,0,12,3,9,12,0,100.1001001001,25.025025025,75.0750750751,100.1001001001,0
2922102,Mundo Novo,14,Piemonte do Paraguaçu,27364,9,0,9,0,18,9,9,18,0,65.7798567461,32.889928373,32.889928373,65.7798567461,0
2922201,Muniz Ferreira,21,Recôncavo,7678,7,0,5,0,12,7,5,12,0,156.2907007033,91.1695754103,65.121125293,156.2907007033,0
2922250,Muquém do São Francisco,2,Velho Chico,11644,1,0,8,0,9,1,8,9,0,77.2930264514,8.5881140502,68.7049124012,77.2930264514,0
2922300,Muritiba,21,Recôncavo,30631,15,4,20,0,39,19,20,35,4,127.3219940583,62.028663772,65.2933302863,114.263328001,13.0586660573
2922409,Mutuípe,9,Vale do Jiquiriçá,22998,13,2,14,0,29,15,14,27,2,126.0979215584,65.223062875,60.8748586834,117.4015131751,8.6964083833
2922508,Nazaré,21,Recôncavo,29546,19,3,21,0,43,22,21,40,3,145.5357747242,74.4601638124,71.0756109118,135.3821160225,10.1536587017
2922607,Nilo Peçanha,6,Baixo Sul,14368,4,0,10,0,14,4,10,14,0,97.438752784,27.8396436526,69.5991091314,97.438752784,0
2922656,Nordestina,4,Sisal,13597,5,0,11,0,16,5,11,16,0,117.6730161065,36.7728175333,80.9001985732,117.6730161065,0
2922706,Nova Canaã,8,Médio Sudoeste da Bahia,17141,7,0,11,0,18,7,11,18,0,105.0113762324,40.8377574237,64.1736188087,105.0113762324,0
2922730,Nova Fátima,15,Bacia do Jacuípe,8119,3,1,8,0,12,4,8,11,1,147.801453381,49.267151127,98.534302254,135.4846655992,12.3167877817
2922755,Nova Ibiá,22,Médio Rio de Contas,6986,2,0,6,0,8,2,6,8,0,114.5147437733,28.6286859433,85.8860578299,114.5147437733,0
2922805,Nova Itarana,9,Vale do Jiquiriçá,8428,4,0,5,0,9,4,5,9,0,106.7869008068,47.460844803,59.3260560038,106.7869008068,0
2922854,Nova Redenção,3,Chapada Diamantina,9500,2,0,5,0,7,2,5,7,0,73.6842105263,21.0526315789,52.6315789474,73.6842105263,0
2922904,Nova Soure,17,Semiárido Nordeste II,25460,10,0,12,0,22,10,12,22,0,86.4100549882,39.2772977219,47.1327572663,86.4100549882,0
2923001,Nova Viçosa,7,Extremo Sul,44052,28,1,21,0,50,29,21,49,1,113.5022246436,65.8312902933,47.6709343503,111.2321801507,2.2700444929
2923035,Novo Horizonte,3,Chapada Diamantina,12514,2,0,6,0,8,2,6,8,0,63.9284001918,15.9821000479,47.9463001438,63.9284001918,0
2923050,Novo Triunfo,17,Semiárido Nordeste II,16037,5,0,5,0,10,5,5,10,0,62.3558022074,31.1779011037,31.1779011037,62.3558022074,0
2923100,Olindina,18,Litoral Norte e Agreste Baiano,29227,9,1,14,0,24,10,14,23,1,82.1158517809,34.214938242,47.9009135389,78.6943579567,3.4214938242
2923209,Oliveira dos Brejinhos,2,Velho Chico,22805,6,0,11,0,17,6,11,17,0,74.5450559088,26.3100197325,48.2350361763,74.5450559088,0
2923308,Ouriçangas,18,Litoral Norte e Agreste Baiano,8916,2,0,5,0,7,2,5,7,0,78.5105428443,22.4315836698,56.0789591745,78.5105428443,0
2923357,Ourolândia,16,Piemonte da Diamantina,18025,11,0,12,0,23,11,12,23,0,127.600554785,61.0263522885,66.5742024965,127.600554785,0
2923407,Palmas de Monte Alto,13,Sertão Produtivo,22553,8,0,14,0,22,8,14,22,0,97.547998049,35.4719992906,62.0759987585,97.547998049,0
2923506,Palmeiras,3,Chapada Diamantina,9250,6,0,9,0,15,6,9,15,0,162.1621621622,64.8648648649,97.2972972973,162.1621621622,0
2923605,Paramirim,12,Bacia do Paramirim,22286,20,4,28,3,55,24,31,48,7,246.7917077986,107.6909270394,139.1007807592,215.3818540788,31.4098537198
2923704,Paratinga,2,Velho Chico,32967,8,0,11,0,19,8,11,19,0,57.6333909667,24.2666909334,33.3667000334,57.6333909667,0
2923803,Paripiranga,17,Semiárido Nordeste II,30075,13,1,12,0,26,14,12,25,1,86.4505403159,46.5502909393,39.9002493766,83.1255195345,3.3250207814
2923902,Pau-Brasil,5,Litoral Sul,10673,7,0,12,0,19,7,12,19,0,178.01930104,65.5860582779,112.4332427621,178.01930104,0
2924009,Paulo Afonso,24,Itaparica,120706,92,42,89,1,224,134,90,181,43,185.5748678608,111.0135370238,74.5613308369,149.9511209053,35.6237469554
2924058,Pé de Serra,15,Bacia do Jacuípe,14226,8,0,11,0,19,8,11,19,0,133.5582735836,56.2350625615,77.3232110221,133.5582735836,0
2924108,Pedrão,18,Litoral Norte e Agreste Baiano,7527,3,0,6,0,9,3,6,9,0,119.5695496214,39.8565165405,79.7130330809,119.5695496214,0
2924207,Pedro Alexandre,17,Semiárido Nordeste II,18209,6,0,9,0,15,6,9,15,0,82.3768466143,32.9507386457,49.4261079686,82.3768466143,0
2924306,Piatã,3,Chapada Diamantina,18267,5,0,11,0,16,5,11,16,0,87.5896425248,27.371763289,60.2178792358,87.5896425248,0
2924405,Pilão Arcado,10,Sertão do São Francisco,35740,6,0,11,0,17,6,11,17,0,47.5657526581,16.7879127029,30.7778399552,47.5657526581,0
2924504,Pindaí,13,Sertão Produtivo,16889,3,0,9,0,12,3,9,12,0,71.0521641305,17.7630410326,53.2891230979,71.0521641305,0
2924603,Pindobaçu,25,Piemonte Norte do Itapicuru,21171,11,0,4,0,15,11,4,15,0,70.8516366728,51.9578668934,18.8937697794,70.8516366728,0
2924652,Pintadas,15,Bacia do Jacuípe,11012,4,1,7,0,12,5,7,11,1,108.9720305122,45.4050127134,63.5670177988,99.8910279695,9.0810025427
2924678,Piraí do Norte,6,Baixo Sul,10411,2,0,7,0,9,2,7,9,0,86.4470271828,19.2104504851,67.2365766977,86.4470271828,0
2924702,Piripá,20,Sudoeste Baiano,11849,6,0,13,0,19,6,13,19,0,160.3510844797,50.6371845725,109.7138999072,160.3510844797,0
2924801,Piritiba,14,Piemonte do Paraguaçu,25211,7,0,6,0,13,7,6,13,0,51.5647931458,27.7656578478,23.7991352981,51.5647931458,0
2924900,Planaltino,9,Vale do Jiquiriçá,9582,2,0,7,0,9,2,7,9,0,93.926111459,20.8724692131,73.0536422459,93.926111459,0
2925006,Planalto,20,Sudoeste Baiano,26915,12,0,23,0,35,12,23,35,0,130.0390117035,44.5848040126,85.4542076909,130.0390117035,0
2925105,Poções,20,Sudoeste Baiano,48861,18,5,34,0,57,23,34,52,5,116.6574568674,47.072307157,69.5851497104,106.4243466159,10.2331102515
2925204,Pojuca,26,Metropolitano de Salvador,39718,25,5,32,1,63,30,33,57,6,158.618258724,75.5325041543,83.0857545697,143.5117578931,15.1065008309
2925253,Ponto Novo,25,Piemonte Norte do Itapicuru,15830,3,0,9,0,12,3,9,12,0,75.8054327227,18.9513581807,56.854074542,75.8054327227,0
2925303,Porto Seguro,27,Costa do Descobrimento,149324,90,21,146,0,257,111,146,236,21,172.1089710964,74.3350030805,97.7739680159,158.0455921352,14.0633789612
2925402,Potiraguá,8,Médio Sudoeste da Bahia,8438,2,0,6,0,8,2,6,8,0,94.8091964921,23.702299123,71.106897369,94.8091964921,0
2925501,Prado,7,Extremo Sul,29326,6,1,25,0,32,7,25,31,1,109.1181886381,23.8696037646,85.2485848735,105.7082452431,3.4099433949
2925600,Presidente Dutra,1,Irecê,15734,3,0,9,0,12,3,9,12,0,76.2679547477,19.0669886869,57.2009660608,76.2679547477,0
2925709,Presidente Jânio Quadros,20,Sudoeste Baiano,13334,4,1,12,0,17,5,12,16,1,127.4936253187,37.4981250937,89.995500225,119.9940003,7.4996250187
2925758,Presidente Tancredo Neves,6,Baixo Sul,28082,7,4,15,0,26,11,15,22,4,92.5859981483,39.1709992166,53.4149989317,78.3419984332,14.2439997151
2925808,Queimadas,4,Sisal,26552,6,1,12,0,19,7,12,18,1,71.5576981018,26.3633624586,45.1943356433,67.7915034649,3.7661946369
2925907,Quijingue,4,Sisal,28632,6,0,17,0,23,6,17,23,0,80.3297010338,20.9555741827,59.3741268511,80.3297010338,0
2925931,Quixabeira,15,Bacia do Jacuípe,9411,5,0,7,0,12,5,7,12,0,127.5103602168,53.129316757,74.3810434598,127.5103602168,0
2925956,Rafael Jambeiro,14,Piemonte do Paraguaçu,23562,7,0,20,0,27,7,20,27,0,114.5912910619,29.7088532383,84.8824378236,114.5912910619,0
2926004,Remanso,10,Sertão do São Francisco,42672,26,0,23,0,49,26,23,49,0,114.8293963255,60.9298837645,53.8995125609,114.8293963255,0
2926103,Retirolândia,4,Sisal,14730,8,0,6,0,14,8,6,14,0,95.0441276307,54.3109300747,40.733197556,95.0441276307,0
2926202,Riachão das Neves,11,Bacia do Rio Grande,23313,7,0,18,0,25,7,18,25,0,107.2363059237,30.0261656586,77.2101402651,107.2363059237,0
2926301,Riachão do Jacuípe,15,Bacia do Jacuípe,34784,17,1,26,0,44,18,26,43,1,126.4949402024,51.7479300828,74.7470101196,123.6200551978,2.8748850046
2926400,Riacho de Santana,2,Velho Chico,36439,12,0,21,0,33,12,21,33,0,90.5623096133,32.9317489503,57.630560663,90.5623096133,0
2926509,Ribeira do Amparo,17,Semiárido Nordeste II,15443,6,0,15,0,21,6,15,21,0,135.9839409441,38.8525545555,97.1313863887,135.9839409441,0
2926608,Ribeira do Pombal,17,Semiárido Nordeste II,54965,23,6,41,2,72,29,43,64,8,130.9924497407,52.7608478122,78.2316019285,116.4377331029,14.5547166379
2926657,Ribeirão do Largo,20,Sudoeste Baiano,7437,4,0,7,0,11,4,7,11,0,147.909103133,53.785128412,94.123974721,147.909103133,0
2926707,Rio de Contas,3,Chapada Diamantina,13712,2,0,6,0,8,2,6,8,0,58.3430571762,14.585764294,43.7572928821,58.3430571762,0
2926806,Rio do Antônio,13,Sertão Produtivo,15804,5,0,7,0,12,5,7,12,0,75.9301442673,31.6375601114,44.2925841559,75.9301442673,0
2926905,Rio do Pires,12,Bacia do Paramirim,12130,3,0,7,0,10,3,7,10,0,82.4402308326,24.7320692498,57.7081615829,82.4402308326,0
2927002,Rio Real,18,Litoral Norte e Agreste Baiano,41767,18,0,18,0,36,18,18,36,0,86.1924485838,43.0962242919,43.0962242919,86.1924485838,0
2927101,Rodelas,24,Itaparica,9405,4,0,5,0,9,4,5,9,0,95.6937799043,42.5305688464,53.1632110579,95.6937799043,0
2927200,Ruy Barbosa,14,Piemonte do Paraguaçu,32009,13,1,18,0,32,14,18,31,1,99.9718829079,43.7376987722,56.2341841357,96.8477615671,3.1241213409
2927309,Salinas da Margarida,21,Recôncavo,15772,6,0,13,0,19,6,13,19,0,120.4666497591,38.0420999239,82.4245498352,120.4666497591,0
2927408,Salvador,26,Metropolitano de Salvador,2953986,5802,1365,3974,459,11600,7167,4433,9776,1824,392.6897419284,242.6213258966,150.0684160318,330.9426652665,61.7470766618
2927507,Santa Bárbara,19,Portal do Sertão,21415,6,1,12,0,19,7,12,18,1,88.7228578099,32.6873686668,56.0354891431,84.0532337147,4.6696240953
2927606,Santa Brígida,17,Semiárido Nordeste II,14976,4,0,8,0,12,4,8,12,0,80.1282051282,26.7094017094,53.4188034188,80.1282051282,0
2927705,Santa Cruz Cabrália,27,Costa do Descobrimento,28552,14,0,17,0,31,14,17,31,0,108.5738302045,49.033342673,59.5404875315,108.5738302045,0
2927804,Santa Cruz da Vitória,8,Médio Sudoeste da Bahia,6698,1,0,7,0,8,1,7,8,0,119.4386383995,14.9298297999,104.5088085996,119.4386383995,0
2927903,Santa Inês,9,Vale do Jiquiriçá,11161,3,0,10,0,13,3,10,13,0,116.4770181883,26.8793118896,89.5977062987,116.4770181883,0
2928000,Santaluz,4,Sisal,38422,26,0,26,0,52,26,26,52,0,135.3391286242,67.6695643121,67.6695643121,135.3391286242,0
2928059,Santa Luzia,5,Litoral Sul,13398,2,0,8,0,10,2,8,10,0,74.6380056725,14.9276011345,59.710404538,74.6380056725,0
2928109,Santa Maria da Vitória,23,Bacia do Rio Corrente,41769,21,2,30,0,53,23,30,51,2,126.8883621825,55.0647609471,71.8236012354,122.1001221001,4.7882400824
2928208,Santana,23,Bacia do Rio Corrente,27492,8,0,11,0,19,8,11,19,0,69.1110141132,29.0993743635,40.0116397497,69.1110141132,0
2928307,Santanópolis,19,Portal do Sertão,9263,3,0,4,0,7,3,4,7,0,75.5694699341,32.3869156861,43.1825542481,75.5694699341,0
2928406,Santa Rita de Cássia,11,Bacia do Rio Grande,29146,11,0,25,0,36,11,25,36,0,123.5160914019,37.7410279284,85.7750634735,123.5160914019,0
2928505,Santa Terezinha,14,Piemonte do Paraguaçu,10682,4,0,9,0,13,4,9,13,0,121.7000561693,37.446171129,84.2538850403,121.7000561693,0
2928604,Santo Amaro,21,Recôncavo,61961,28,6,39,0,73,34,39,67,6,117.8160455771,54.8732267071,62.9428188699,108.1325349817,9.6835105954
2928703,Santo Antônio de Jesus,21,Recôncavo,103342,90,27,84,22,223,117,106,174,49,215.7883532349,113.2163108901,102.5720423448,168.3729751698,47.4153780651
2928802,Santo Estevão,19,Portal do Sertão,53898,20,3,27,0,50,23,27,47,3,92.7678206984,42.6731975212,50.0946231771,87.2017514565,5.5660692419
2928901,São Desidério,11,Bacia do Rio Grande,33661,8,0,25,1,34,8,26,33,1,101.007100205,23.7663765188,77.2407236862,98.0363031401,2.9707970649
2928950,São Domingos,4,Sisal,9404,4,0,7,0,11,4,7,11,0,116.9715014887,42.5350914504,74.4364100383,116.9715014887,0
2929008,São Félix,21,Recôncavo,15310,21,0,21,0,42,21,21,42,0,274.3305029393,137.1652514696,137.1652514696,274.3305029393,0
2929057,São Félix do Coribe,23,Bacia do Rio Corrente,15825,9,0,13,0,22,9,13,22,0,139.0205371248,56.8720379147,82.1484992101,139.0205371248,0
2929107,São Felipe,21,Recôncavo,21964,9,1,16,0,26,10,16,25,1,118.375523584,45.5290475323,72.8464760517,113.8226188308,4.5529047532
2929206,São Francisco do Conde,26,Metropolitano de Salvador,40220,25,3,50,0,78,28,50,75,3,193.9333664843,69.6171059175,124.3162605669,186.4743908503,7.458975634
2929255,São Gabriel,1,Irecê,19613,4,0,7,0,11,4,7,11,0,56.0852495794,20.3946362107,35.6906133687,56.0852495794,0
2929305,São Gonçalo dos Campos,19,Portal do Sertão,38018,7,1,21,0,29,8,21,28,1,76.2796570046,21.0426640013,55.2369930033,73.6493240044,2.6303330002
2929354,São José da Vitória,5,Litoral Sul,6045,1,0,5,0,6,1,5,6,0,99.2555831266,16.5425971878,82.7129859388,99.2555831266,0
2929370,São José do Jacuípe,15,Bacia do Jacuípe,10784,2,0,6,0,8,2,6,8,0,74.1839762611,18.5459940653,55.6379821958,74.1839762611,0
2929404,São Miguel das Matas,9,Vale do Jiquiriçá,12092,2,0,7,0,9,2,7,9,0,74.4293747933,16.5398610652,57.8895137281,74.4293747933,0
2929503,São Sebastião do Passé,26,Metropolitano de Salvador,45827,20,3,25,0,48,23,25,45,3,104.7417461322,50.188753355,54.5529927772,98.1953869989,6.5463591333
2929602,Sapeaçu,21,Recôncavo,18114,3,1,24,0,28,4,24,27,1,154.5765706084,22.0823672298,132.4942033786,149.0559788009,5.5205918074
2929701,Sátiro Dias,18,Litoral Norte e Agreste Baiano,20429,11,0,16,0,27,11,16,27,0,132.1650594743,53.8450242303,78.320035244,132.1650594743,0
2929750,Saubara,21,Recôncavo,12380,6,0,11,0,17,6,11,17,0,137.3182552504,48.465266559,88.8529886914,137.3182552504,0
2929800,Saúde,16,Piemonte da Diamantina,13385,4,0,6,0,10,4,6,10,0,74.7104968248,29.8841987299,44.8262980949,74.7104968248,0
2929909,Seabra,3,Chapada Diamantina,45568,14,1,21,1,37,15,22,35,2,81.1973314607,32.9178370787,48.279494382,76.8082865169,4.3890449438
2930006,Sebastião Laranjeiras,13,Sertão Produtivo,11696,5,0,9,0,14,5,9,14,0,119.6990424077,42.7496580027,76.9493844049,119.6990424077,0
2930105,Senhor do Bonfim,25,Piemonte Norte do Itapicuru,81218,22,16,21,1,60,38,22,43,17,73.875249329,46.7876579083,27.0875914206,52.9439286858,20.9313206432
2930154,Serra do Ramalho,2,Velho Chico,32991,9,0,13,0,22,9,13,22,0,66.6848534449,27.2801673184,39.4046861265,66.6848534449,0
2930204,Sento Sé,10,Sertão do São Francisco,41891,14,0,11,0,25,14,11,25,0,59.6786899334,33.4200663627,26.2586235707,59.6786899334,0
2930303,Serra Dourada,23,Bacia do Rio Corrente,18320,5,0,14,0,19,5,14,19,0,103.711790393,27.2925764192,76.4192139738,103.711790393,0
2930402,Serra Preta,15,Bacia do Jacuípe,16036,6,0,8,0,14,6,8,14,0,87.3035669743,37.4158144176,49.8877525567,87.3035669743,0
2930501,Serrinha,4,Sisal,83088,41,7,60,0,108,48,60,101,7,129.9826689775,57.7700751011,72.2125938764,121.5578663586,8.4248026189
2930600,Serrolândia,16,Piemonte da Diamantina,13832,6,0,7,0,13,6,7,13,0,93.984962406,43.3776749566,50.6072874494,93.984962406,0
2930709,Simões Filho,26,Metropolitano de Salvador,136050,54,3,45,1,103,57,46,99,4,75.7074604925,41.8963616318,33.8110988607,72.7673649394,2.9400955531
2930758,Sítio do Mato,2,Velho Chico,13437,5,0,12,0,17,5,12,17,0,126.5163354916,37.2106869093,89.3056485823,126.5163354916,0
2930766,Sítio do Quinto,17,Semiárido Nordeste II,11283,5,0,5,0,10,5,5,10,0,88.6289107507,44.3144553753,44.3144553753,88.6289107507,0
2930774,Sobradinho,10,Sertão do São Francisco,23713,5,0,11,0,16,5,11,16,0,67.4735377219,21.0854805381,46.3880571838,67.4735377219,0
2930808,Souto Soares,3,Chapada Diamantina,17503,1,0,10,0,11,1,10,11,0,62.8463691939,5.7133062904,57.1330629035,62.8463691939,0
2930907,Tabocas do Brejo Velho,23,Bacia do Rio Corrente,13057,2,0,11,0,13,2,11,13,0,99.5634525542,15.3174542391,84.2459983151,99.5634525542,0
2931004,Tanhaçu,13,Sertão Produtivo,21315,11,0,13,0,24,11,13,24,0,112.5967628431,51.6068496364,60.9899132067,112.5967628431,0
2931053,Tanque Novo,13,Sertão Produtivo,17884,4,0,11,0,15,4,11,15,0,83.873853724,22.3663609931,61.5074927309,83.873853724,0
2931103,Tanquinho,19,Portal do Sertão,8232,3,0,4,0,7,3,4,7,0,85.0340136054,36.443148688,48.5908649174,85.0340136054,0
2931202,Taperoá,6,Baixo Sul,21462,9,0,10,0,19,9,10,19,0,88.5285621098,41.934582052,46.5939800578,88.5285621098,0
2931301,Tapiramutá,14,Piemonte do Paraguaçu,17845,3,0,4,0,7,3,4,7,0,39.2266741384,16.8114317736,22.4152423648,39.2266741384,0
2931350,Teixeira de Freitas,7,Extremo Sul,161690,126,50,119,21,316,176,140,245,71,195.4357103099,108.8502690333,86.5854412765,151.5245222339,43.9111880759
2931400,Teodoro Sampaio,19,Portal do Sertão,7936,5,0,7,0,12,5,7,12,0,151.2096774194,63.0040322581,88.2056451613,151.2096774194,0
2931509,Teofilândia,4,Sisal,23378,6,1,14,0,21,7,14,20,1,89.8280434597,29.9426811532,59.8853623064,85.5505175806,4.277525879
2931608,Teolândia,6,Baixo Sul,15357,9,0,11,0,20,9,11,20,0,130.2337696165,58.6051963274,71.6285732891,130.2337696165,0
2931707,Terra Nova,19,Portal do Sertão,13536,7,0,7,0,14,7,7,14,0,103.4278959811,51.7139479905,51.7139479905,103.4278959811,0
2931806,Tremedal,20,Sudoeste Baiano,17700,8,0,18,0,26,8,18,26,0,146.8926553672,45.197740113,101.6949152542,146.8926553672,0
2931905,Tucano,4,Sisal,52540,23,0,31,0,54,23,31,54,0,102.7788351732,43.7761705367,59.0026646365,102.7788351732,0
2932002,Uauá,10,Sertão do São Francisco,25773,10,0,8,0,18,10,8,18,0,69.840530788,38.8002948822,31.0402359058,69.840530788,0
2932101,Ubaíra,9,Vale do Jiquiriçá,20800,10,0,13,0,23,10,13,23,0,110.5769230769,48.0769230769,62.5,110.5769230769,0
2932200,Ubaitaba,5,Litoral Sul,20489,4,0,12,0,16,4,12,16,0,78.0906828054,19.5226707014,58.5680121041,78.0906828054,0
2932309,Ubatã,22,Médio Rio de Contas,27527,3,1,14,0,18,4,14,17,1,65.3903440259,14.5311875613,50.8591564646,61.7575471355,3.6327968903
2932408,Uibaí,1,Irecê,14474,3,0,5,0,8,3,5,8,0,55.2715213486,20.7268205057,34.5447008429,55.2715213486,0
2932457,Umburanas,16,Piemonte da Diamantina,19522,4,0,5,0,9,4,5,9,0,46.1018338285,20.4897039238,25.6121299047,46.1018338285,0
2932507,Una,5,Litoral Sul,21331,7,1,24,0,32,8,24,31,1,150.0164080446,37.5041020112,112.5123060335,145.3283952932,4.6880127514
2932606,Urandi,13,Sertão Produtivo,17356,8,0,8,0,16,8,8,16,0,92.187139894,46.093569947,46.093569947,92.187139894,0
2932705,Uruçuca,5,Litoral Sul,21711,6,0,10,0,16,6,10,16,0,73.6953617982,27.6357606743,46.0596011239,73.6953617982,0
2932804,Utinga,3,Chapada Diamantina,19780,4,0,10,0,14,4,10,14,0,70.7785642063,20.2224469161,50.5561172902,70.7785642063,0
2932903,Valença,6,Baixo Sul,98749,37,6,45,5,93,43,50,82,11,94.1781688928,43.5447447569,50.6334241359,83.0388155829,11.1393533099
2933000,Valente,4,Sisal,28743,7,0,17,0,24,7,17,24,0,83.4985909613,24.353755697,59.1448352642,83.4985909613,0
2933059,Várzea da Roça,15,Bacia do Jacuípe,14662,5,0,8,0,13,5,8,13,0,88.6645750921,34.1017596508,54.5628154413,88.6645750921,0
2933109,Várzea do Poço,15,Bacia do Jacuípe,9449,2,0,5,0,7,2,5,7,0,74.08191343,21.16626098,52.91565245,74.08191343,0
2933158,Várzea Nova,16,Piemonte da Diamantina,13454,7,0,8,0,15,7,8,15,0,111.4910063922,52.0291363163,59.4618700758,111.4910063922,0
2933174,Varzedo,21,Recôncavo,9375,4,0,6,0,10,4,6,10,0,106.6666666667,42.6666666667,64,106.6666666667,0
2933208,Vera Cruz,26,Metropolitano de Salvador,43640,9,0,33,0,42,9,33,42,0,96.241979835,20.6232813932,75.6186984418,96.241979835,0
2933257,Vereda,7,Extremo Sul,6620,4,0,7,0,11,4,7,11,0,166.163141994,60.4229607251,105.7401812689,166.163141994,0
2933307,Vitória da Conquista,20,Sudoeste Baiano,348718,344,159,273,30,806,503,303,617,189,231.1323189511,144.2426258467,86.8896931045,176.9337975097,54.1985214414
2933406,Wagner,3,Chapada Diamantina,9753,3,0,5,0,8,3,5,8,0,82.0260432687,30.7597662258,51.266277043,82.0260432687,0
2933455,Wanderley,11,Bacia do Rio Grande,12935,7,0,15,0,22,7,15,22,0,170.0811751063,54.1167375338,115.9644375725,170.0811751063,0
2933505,Wenceslau Guimarães,6,Baixo Sul,22365,8,0,20,0,28,8,20,28,0,125.1956181534,35.7701766152,89.4254415381,125.1956181534,0
2933604,Xique-Xique,1,Irecê,48365,9,0,20,0,29,9,20,29,0,59.9607153934,18.6084978807,41.3522175127,59.9607153934,0
